LAVA:
  X: -999.6015616739253
  Y: 100.0
  Z: -999.5279751129609
  PITCH: 1.6764343976974487
  YAW: -359.4297790527344
FPS:
  X: -499.40079075030815
  Y: 100.0
  Z: -499.86055227116486
  PITCH: 1.4668431282043457
  YAW: 1.054473876953125
RDMSPAWN:
  X: 974.8938685266635
  Y: 103.0
  Z: 1000.1918492430713
  PITCH: 11.315631866455078
  YAW: 272.6753845214844
RDMPOS2:
  X: 1000.7020019389233
  Y: 100.0
  Z: 980.3000000119209
  PITCH: 1.3096508979797363
  YAW: 0.4884033203125
